SpectrumID=SampleSpec
Time=13-04-2022 06:05:41 PM
DeadTime(%)=0.79
LiveTime=250
RealTime=252
Channels=0 1023
0
0
0
0
0
0
0
0
0
0
0
0
0
0
0
0
0
0
0
0
0
0
0
0
0
0
0
0
0
0
0
0
0
0
0
0
0
0
0
0
0
1
0
0
0
0
1
0
1
3
4
11
19
60
148
353
627
850
1054
1281
1391
1524
1522
1575
1543
1539
1593
1600
1588
1568
1549
1601
1531
1551
1512
1559
1531
1590
1509
1549
1581
1501
1537
1485
1429
1413
1356
1385
1372
1408
1432
1374
1394
1330
1379
1366
1303
1319
1361
1333
1319
1313
1287
1271
1316
1307
1238
1261
1216
1233
1140
1190
1182
1079
1090
1079
1047
1094
1065
1063
992
1024
883
988
968
907
868
856
878
842
829
826
846
788
709
756
725
695
745
660
670
615
678
621
624
614
622
642
576
630
610
632
613
596
594
576
598
556
554
587
573
571
543
572
538
575
548
557
532
560
537
558
488
521
531
521
479
508
529
495
479
505
506
502
514
491
476
470
536
501
438
470
418
482
467
501
450
451
471
428
462
450
447
470
444
420
462
419
446
429
437
421
415
427
415
412
404
427
382
413
399
406
396
395
383
377
376
345
327
362
346
381
371
341
323
338
340
333
296
297
324
331
326
305
274
277
312
284
296
279
305
276
271
263
263
269
257
253
271
244
261
269
256
274
249
235
245
238
247
220
241
208
225
239
255
224
242
240
216
243
208
229
234
216
219
220
246
227
270
207
205
253
244
245
262
247
272
282
269
288
298
317
325
343
341
345
346
422
415
471
451
451
470
548
512
561
574
638
709
727
694
695
756
789
856
781
814
842
793
865
800
799
756
700
707
661
653
591
604
567
479
465
426
376
308
305
302
291
240
245
210
171
136
143
134
104
114
104
90
59
68
66
78
54
42
46
41
33
50
35
33
40
46
32
32
26
32
21
29
32
19
28
24
27
25
15
28
20
22
20
25
20
21
22
23
15
24
22
16
22
29
17
14
26
17
19
14
23
10
19
14
14
15
16
18
20
19
20
18
23
16
14
20
17
18
14
18
21
15
17
21
10
25
25
26
18
12
11
18
15
19
18
19
13
13
23
19
20
19
15
15
14
14
22
25
19
19
14
18
21
12
16
26
14
14
8
18
16
16
22
18
13
12
9
13
12
17
17
19
14
17
13
23
10
14
6
18
12
16
15
12
15
5
12
16
14
17
19
11
18
12
17
12
22
8
11
13
11
19
12
11
6
10
7
10
10
15
7
8
12
7
13
10
16
18
10
9
10
10
8
7
12
9
14
8
11
13
8
9
15
8
7
12
14
15
12
6
11
11
13
9
10
14
8
13
15
14
7
10
5
4
11
6
7
12
7
8
7
9
15
11
7
15
12
11
12
7
8
9
9
7
6
9
13
6
10
10
8
8
13
10
10
13
12
9
9
6
9
10
6
4
10
9
12
9
10
12
10
5
8
4
8
8
5
11
10
10
8
13
8
11
13
13
9
9
7
11
10
9
6
8
15
7
7
4
14
11
9
10
9
6
4
3
7
5
6
3
4
6
13
3
4
4
3
10
6
3
4
8
6
1
7
7
9
7
5
14
5
17
6
9
8
3
4
13
4
8
6
9
9
7
18
8
5
12
8
7
12
10
4
8
7
3
12
6
11
13
12
7
13
8
9
13
18
8
8
11
9
7
10
7
18
13
7
10
13
10
5
9
5
11
8
7
9
14
12
7
14
6
9
7
5
5
8
8
7
3
5
5
5
4
8
6
2
5
2
4
2
5
4
5
2
4
2
4
5
2
2
2
1
4
3
2
2
5
1
2
3
1
3
0
4
3
0
1
2
1
2
2
3
2
2
2
4
7
2
0
6
0
5
1
1
5
2
1
1
3
2
0
3
3
3
4
3
3
5
3
0
1
3
1
3
1
1
2
1
1
0
1
0
2
1
1
3
1
4
0
1
3
1
0
3
6
5
1
2
4
3
2
1
2
0
3
3
1
3
3
0
2
3
4
2
3
0
5
1
0
3
4
2
2
2
3
1
0
0
3
1
1
2
1
2
2
2
2
1
0
1
2
0
3
1
2
1
2
1
0
2
2
2
1
0
1
1
1
2
3
1
0
1
0
0
1
1
1
2
0
1
1
2
1
2
2
2
2
1
1
1
3
1
0
2
4
2
1
2
0
1
0
1
2
2
3
0
1
0
0
0
0
1
3
0
0
2
1
2
1
1
4
1
0
2
0
1
1
1
0
1
2
0
4
1
0
2
0
2
1
1
2
1
2
1
0
2
0
1
1
2
3
1
2
3
5
3
3
6
4
4
4
2
4
2
3
7
4
8
7
4
6
7
9
5
11
5
6
6
10
8
0
0
0
0
0
0
0
0
0
0
0
0
0
0
0
0
