SpectrumID=SampleSpec
Time=13-04-2022 05:46:22 PM
DeadTime(%)=0.79
LiveTime=250
RealTime=252
Channels=0 1023
0
0
0
0
0
0
0
0
0
0
0
0
0
0
0
0
0
0
0
0
0
0
0
0
0
0
0
0
0
0
0
0
0
0
0
0
0
0
0
0
0
0
0
0
0
1
0
3
2
4
12
15
26
75
162
403
641
858
1103
1275
1417
1521
1566
1595
1618
1598
1636
1618
1573
1597
1564
1657
1662
1596
1629
1609
1643
1595
1621
1572
1506
1555
1525
1490
1597
1454
1508
1528
1481
1504
1425
1575
1465
1471
1478
1356
1414
1500
1524
1505
1440
1446
1373
1356
1380
1359
1409
1387
1356
1418
1305
1266
1328
1274
1302
1196
1196
1199
1059
1110
1095
1127
1086
1064
1044
991
910
933
1010
933
859
956
857
779
870
827
778
781
751
726
721
777
712
740
721
704
681
658
695
663
650
658
638
665
617
642
660
639
635
619
599
600
599
633
602
575
610
593
632
590
560
599
598
575
571
559
574
560
578
573
548
592
542
545
561
507
546
546
560
508
521
597
504
561
510
594
530
530
535
493
510
487
502
558
512
504
505
530
490
533
498
500
492
488
482
517
482
458
427
466
469
441
461
460
434
462
464
421
412
458
419
426
389
384
377
419
379
332
382
366
366
309
323
374
294
365
305
310
321
323
293
298
317
273
302
275
316
282
263
258
256
263
231
266
296
241
229
254
272
241
229
231
252
245
235
222
271
230
226
230
258
240
237
218
237
227
233
250
250
272
249
249
270
270
286
291
305
321
322
280
332
368
382
406
406
456
487
510
529
554
538
616
665
709
679
790
760
848
898
913
995
1037
948
1047
1058
1107
1100
1116
1137
1025
1120
1098
1078
1087
1095
1004
882
895
819
746
795
684
604
557
500
515
423
415
348
304
246
279
218
202
169
166
135
117
127
130
93
93
88
71
85
66
64
56
66
40
40
35
52
40
34
44
29
30
30
25
31
31
36
25
17
24
24
17
20
26
23
25
23
17
18
19
24
22
18
25
19
16
17
25
16
19
26
29
18
28
19
24
20
18
18
16
24
21
19
18
24
23
18
21
13
20
21
24
26
22
20
23
19
24
19
17
11
11
17
22
27
14
11
21
12
19
22
18
21
22
21
12
19
17
22
14
18
17
22
18
16
18
17
13
20
17
24
19
18
27
20
17
10
15
12
22
17
13
19
13
14
10
18
14
19
10
13
17
11
12
12
16
8
14
8
9
13
13
14
20
15
13
10
14
11
11
8
13
11
12
12
9
15
18
13
15
11
9
7
10
13
9
8
5
9
7
12
9
10
14
10
14
9
15
5
10
16
10
9
14
12
11
21
13
9
17
10
12
15
13
22
16
13
11
8
4
11
6
12
6
10
3
10
13
11
12
9
13
11
11
9
10
14
5
11
9
10
9
12
7
12
8
8
12
6
7
7
7
15
9
6
12
6
11
10
7
10
16
5
10
13
7
9
7
6
15
12
10
11
7
10
6
6
8
19
9
6
8
9
10
10
9
6
13
8
11
8
6
11
8
12
12
6
4
9
6
6
6
7
7
8
7
8
10
9
8
9
7
9
13
5
4
8
11
6
9
6
6
3
7
3
8
7
8
4
4
10
5
6
8
8
4
7
8
10
3
9
8
7
4
8
9
6
7
4
8
11
11
10
14
6
10
5
8
6
8
6
8
8
6
13
15
9
8
12
9
13
13
13
13
17
16
11
9
13
16
9
5
12
15
12
13
4
9
9
9
15
10
9
12
6
10
6
9
14
9
4
6
7
5
3
2
7
4
4
4
4
3
5
3
3
7
4
4
2
5
3
6
3
4
1
5
4
2
0
1
3
4
1
5
5
2
5
3
4
2
4
2
3
1
2
3
3
1
1
1
4
3
5
3
3
0
3
5
0
2
5
3
3
4
1
3
2
3
1
1
2
0
3
1
0
3
3
2
2
1
1
2
3
0
0
1
2
2
3
3
3
0
4
0
2
1
2
1
3
2
2
1
1
3
1
2
2
1
0
0
3
4
1
3
1
1
2
2
4
3
2
1
2
3
2
0
3
4
5
1
1
1
0
1
4
2
3
1
2
2
1
1
1
0
1
0
3
0
2
0
1
1
2
2
0
0
1
1
3
3
4
2
2
3
4
1
0
2
3
0
2
0
4
1
1
0
2
0
3
3
0
0
2
2
2
1
3
2
1
2
0
2
0
3
0
1
3
0
0
1
3
2
1
1
2
0
2
1
1
1
0
1
0
0
1
2
1
2
2
1
2
3
1
0
0
1
0
3
2
2
1
2
1
3
1
1
1
1
0
1
2
2
4
4
1
6
1
3
0
1
6
1
5
2
4
3
5
6
5
8
6
1
5
9
3
4
8
7
9
6
19
10
0
0
0
0
0
0
0
0
0
0
0
0
0
0
0
0
