SpectrumID=SampleSpec
Time=13-04-2022 06:17:09 PM
DeadTime(%)=0.79
LiveTime=250
RealTime=252
Channels=0 1023
0
0
0
0
0
0
0
0
0
0
0
0
0
0
0
0
0
0
0
0
0
0
0
0
0
0
0
0
0
0
0
0
0
0
0
0
0
0
0
0
0
0
0
0
0
0
1
1
3
3
9
17
33
84
172
362
571
820
1037
1226
1359
1455
1501
1619
1506
1562
1541
1632
1597
1589
1569
1595
1533
1574
1625
1566
1566
1591
1581
1489
1578
1532
1463
1511
1526
1509
1534
1552
1521
1526
1519
1469
1474
1555
1547
1503
1542
1570
1543
1678
1564
1705
1646
1586
1655
1690
1645
1608
1585
1566
1619
1545
1592
1598
1499
1451
1437
1390
1441
1356
1355
1307
1328
1272
1264
1222
1209
1152
1150
1107
1052
1047
1054
1014
1035
987
979
900
919
907
883
912
788
862
834
815
814
831
788
763
804
801
760
728
728
762
749
766
752
703
741
753
691
708
749
692
689
676
669
662
649
668
696
626
639
728
661
640
675
614
699
690
643
603
627
612
602
624
632
630
645
584
620
603
626
578
574
620
606
653
632
563
587
607
608
596
576
596
533
547
612
561
555
547
597
555
588
553
584
551
479
514
496
507
519
498
500
514
520
468
500
475
428
431
417
445
423
353
390
363
359
336
352
352
331
291
332
323
278
267
296
281
263
235
227
213
229
236
207
212
193
195
191
190
170
170
167
170
178
172
170
151
156
185
166
162
154
160
191
152
172
164
174
188
169
169
190
216
178
186
211
248
237
267
252
313
310
335
368
397
439
473
512
602
585
634
725
743
797
880
917
1001
1074
1142
1185
1290
1434
1630
1544
1678
1783
1875
1858
1948
1976
2110
2069
2167
2190
2163
2162
2135
2052
2030
2013
1885
1802
1718
1633
1491
1429
1342
1189
1135
1014
892
836
734
730
645
555
498
453
406
328
323
291
278
198
223
192
179
173
137
117
113
104
105
63
82
85
63
68
58
58
56
49
51
39
31
38
35
33
28
30
31
25
25
26
27
32
32
26
22
30
18
18
25
21
24
27
24
18
23
21
11
19
17
20
25
25
18
25
24
15
17
19
15
17
16
19
19
16
13
19
22
19
19
22
20
24
24
26
12
21
20
17
17
16
30
26
21
22
24
15
19
14
18
23
21
16
18
18
20
21
22
14
11
13
12
16
25
21
22
21
20
18
22
23
17
19
15
16
19
13
11
19
13
13
19
16
16
20
12
14
14
16
16
14
16
20
21
18
13
11
9
22
9
20
10
22
10
14
12
16
18
11
18
15
8
7
16
10
9
19
15
11
21
13
5
13
16
10
9
13
12
17
6
13
13
9
13
13
10
10
5
11
8
10
9
9
13
7
12
8
8
8
15
8
5
6
16
14
8
5
12
9
12
7
14
6
13
13
13
11
12
8
10
8
9
9
8
11
8
11
8
7
11
8
7
9
12
12
6
6
7
7
5
7
7
13
5
11
8
11
6
11
8
9
11
8
9
8
9
9
10
5
4
8
16
5
7
6
12
6
4
5
12
7
5
9
10
10
10
9
5
8
9
10
4
9
4
16
8
14
6
7
2
10
3
7
10
5
6
5
7
8
5
5
3
6
8
9
7
15
8
7
3
5
10
6
8
4
10
4
5
13
10
8
5
6
10
8
9
11
7
6
5
11
8
14
5
6
15
5
10
11
9
5
11
17
10
15
10
14
12
10
8
6
17
14
11
10
7
11
10
16
11
14
15
14
18
8
13
13
11
13
9
15
11
7
8
20
11
14
8
10
5
5
10
7
6
4
16
8
3
3
3
8
4
5
9
5
8
5
2
3
0
4
5
8
7
6
3
6
8
6
1
0
4
2
4
5
2
3
10
2
2
3
1
2
2
3
2
3
4
2
3
3
2
1
2
3
4
1
2
1
3
4
4
2
3
0
4
2
1
0
1
0
0
2
4
0
2
1
3
3
0
3
0
1
1
6
2
0
3
1
2
1
2
0
2
1
0
1
3
2
2
2
4
4
0
2
2
0
1
2
2
1
2
0
4
3
3
3
2
0
2
0
1
1
3
1
2
2
1
1
2
3
0
5
2
4
1
2
3
3
1
2
0
0
2
2
4
2
2
2
3
2
4
2
2
0
1
3
2
0
1
1
3
3
1
1
4
2
1
1
1
3
1
3
3
2
2
0
1
1
0
1
0
1
0
0
4
2
1
0
0
2
0
3
3
3
0
2
1
1
1
2
2
2
1
1
1
2
1
4
2
3
1
1
3
0
2
0
0
0
1
2
0
0
1
2
0
1
0
2
1
1
2
1
4
1
3
0
1
0
2
1
2
2
1
0
3
0
1
2
2
4
2
4
1
3
1
4
3
8
4
4
3
4
2
3
7
4
6
5
5
4
10
9
7
6
11
12
11
6
10
0
0
0
0
0
0
0
0
0
0
0
0
0
0
0
0
