SpectrumID=SampleSpec
Time=13-04-2022 06:11:22 PM
DeadTime(%)=0.79
LiveTime=250
RealTime=252
Channels=0 1023
0
0
0
0
0
0
0
0
0
0
0
0
0
0
0
0
0
0
0
0
0
0
0
0
0
0
0
0
0
0
0
0
0
0
0
0
0
0
0
0
0
0
0
0
0
0
0
0
3
5
8
10
19
55
163
369
604
832
1032
1192
1356
1429
1531
1561
1489
1548
1495
1556
1567
1532
1558
1501
1552
1647
1526
1484
1549
1443
1489
1432
1472
1505
1418
1481
1428
1331
1381
1347
1346
1313
1352
1311
1336
1321
1264
1333
1307
1365
1290
1261
1317
1210
1285
1263
1202
1239
1208
1189
1194
1161
1075
1094
1076
1009
1084
1065
1013
1012
1009
1046
979
1009
945
891
901
860
892
776
876
784
780
782
748
734
756
705
686
683
714
679
689
661
653
589
644
596
616
597
573
540
586
522
600
588
595
544
558
510
565
525
530
597
523
541
534
473
521
522
503
535
514
519
481
471
496
495
493
429
480
481
440
445
464
499
434
469
459
488
490
439
473
481
448
444
415
439
444
452
418
432
444
414
420
445
445
440
429
410
420
406
400
411
389
369
384
392
410
415
383
354
426
346
395
372
376
342
343
336
383
359
366
334
337
340
299
350
340
272
319
324
324
341
288
291
284
286
249
294
265
273
305
262
265
253
261
266
266
239
253
229
247
229
241
230
242
251
256
204
238
266
219
225
212
245
206
211
185
210
217
215
229
208
230
214
211
216
223
211
205
232
236
270
237
252
219
258
245
274
261
288
262
284
282
331
292
324
309
338
419
405
353
386
449
464
486
522
503
573
601
603
661
646
671
674
700
687
685
734
756
695
714
687
699
647
649
633
573
553
501
502
463
412
392
355
335
295
243
262
233
168
179
148
144
143
135
104
94
95
95
73
71
58
54
63
47
38
33
51
37
41
35
45
30
28
26
28
15
23
30
24
22
19
13
32
18
21
18
13
20
18
18
14
9
15
26
15
23
19
17
15
19
14
25
11
15
19
14
7
14
21
14
13
10
21
10
8
9
18
13
19
11
15
14
24
18
12
8
15
15
17
11
10
13
18
13
18
16
12
18
15
20
13
13
18
13
17
16
18
15
16
16
22
21
19
17
15
12
15
13
18
13
18
15
14
8
20
22
9
14
8
15
17
10
13
12
13
14
11
16
18
17
17
9
5
17
4
17
23
10
13
9
4
10
13
5
15
7
9
9
7
12
8
5
11
7
12
5
6
9
16
14
13
9
12
13
9
11
8
8
15
5
6
15
7
11
11
13
10
7
11
13
14
10
8
8
9
9
7
9
6
7
11
10
8
7
13
17
12
14
12
10
12
10
8
8
13
2
11
12
14
7
6
16
15
8
8
2
7
7
9
8
6
13
8
5
5
7
5
9
11
5
9
5
6
8
10
8
9
7
3
7
5
4
13
6
8
10
6
13
9
5
5
5
8
10
10
9
0
6
10
6
7
8
7
9
6
10
9
9
5
7
5
5
4
6
4
9
5
8
5
9
6
3
5
7
6
8
7
8
5
3
9
4
5
11
7
8
6
5
9
8
5
5
3
9
6
9
4
9
4
3
8
3
5
5
7
4
6
5
6
6
3
10
4
6
2
7
7
3
2
8
11
5
14
7
3
10
6
6
11
10
5
9
7
9
7
10
12
6
8
5
10
9
10
13
7
13
6
9
12
12
8
13
10
3
10
9
6
9
6
10
10
6
8
11
14
8
9
8
8
5
5
6
6
4
8
6
8
8
5
8
4
4
5
7
4
4
4
4
6
3
3
3
8
3
2
3
2
10
2
5
4
2
0
3
2
4
2
2
2
4
5
3
2
1
1
5
4
2
1
5
2
2
1
2
3
2
0
4
1
3
3
1
3
1
0
3
0
4
1
3
1
2
2
5
1
2
0
1
2
1
0
1
0
4
1
3
2
3
1
4
1
1
0
2
2
1
1
2
3
2
1
3
1
1
2
2
3
1
1
2
6
3
1
2
3
0
1
1
2
1
0
2
1
1
2
2
1
0
0
5
3
2
1
0
1
2
1
2
2
0
2
1
1
1
2
1
1
1
2
0
3
1
2
1
2
1
2
0
1
1
1
2
1
0
2
1
5
2
1
1
0
1
2
4
0
2
2
2
0
3
0
0
2
2
2
1
3
6
2
1
2
1
0
2
0
0
0
2
0
0
3
3
1
2
1
0
1
0
4
0
0
0
1
1
3
0
3
0
0
1
0
4
0
0
1
0
2
1
1
0
2
2
0
3
1
3
4
2
0
4
2
1
1
0
1
0
5
0
7
1
2
5
3
3
3
3
2
9
3
5
5
3
5
7
3
8
7
7
6
7
6
0
5
11
4
9
12
0
0
0
0
0
0
0
0
0
0
0
0
0
0
0
0
