SpectrumID=SampleSpec
Time=13-04-2022 05:20:04 PM
DeadTime(%)=0.79
LiveTime=250
RealTime=252
Channels=0 1023
0
0
0
0
0
0
0
0
0
0
0
0
0
0
0
0
0
0
0
0
0
0
0
0
0
0
0
0
0
0
0
0
0
0
0
0
0
0
0
0
0
0
0
0
0
0
0
0
2
7
9
18
34
61
178
409
648
932
1084
1334
1472
1585
1652
1613
1581
1636
1583
1625
1619
1690
1745
1674
1642
1627
1649
1662
1614
1671
1647
1580
1599
1600
1564
1633
1558
1651
1524
1530
1510
1601
1516
1559
1524
1561
1600
1651
1666
1563
1642
1629
1593
1551
1610
1548
1596
1635
1623
1551
1515
1439
1500
1423
1398
1395
1381
1327
1365
1314
1252
1323
1263
1188
1222
1161
1189
1079
1055
1135
1095
976
1023
984
950
928
922
883
905
873
842
848
861
863
823
798
777
764
756
766
749
727
762
770
771
726
739
711
695
726
666
688
730
720
652
681
663
641
661
660
698
664
686
689
693
629
657
643
665
658
663
657
685
660
583
629
631
630
643
595
640
609
582
611
626
625
633
622
610
628
606
566
599
540
563
516
525
550
540
584
585
548
561
544
547
538
533
516
550
563
525
526
513
470
520
502
459
517
460
449
446
446
448
399
429
375
482
381
381
382
366
351
358
339
347
328
342
315
303
296
293
288
310
304
288
306
260
283
283
255
238
231
219
242
239
243
229
225
211
212
217
214
186
244
216
209
218
188
182
223
217
216
231
224
235
240
238
264
260
259
248
248
255
301
282
329
370
335
390
397
390
459
485
502
601
604
678
710
729
784
856
928
934
1115
1090
1150
1206
1311
1375
1380
1475
1572
1694
1727
1710
1783
1738
1678
1696
1783
1840
1684
1599
1549
1528
1521
1404
1309
1244
1122
1109
994
892
873
732
677
612
572
498
422
386
337
328
254
259
243
230
182
162
129
139
131
119
92
82
89
67
63
66
67
50
58
55
42
26
54
36
37
32
27
32
21
37
30
31
31
21
22
18
25
26
29
14
26
33
28
23
19
20
15
15
15
21
23
15
25
16
28
16
18
22
28
24
21
15
20
23
18
21
26
19
13
24
22
20
19
23
11
21
24
26
20
21
19
20
15
18
24
27
17
22
24
21
16
17
19
22
22
22
22
16
14
16
25
20
22
19
24
15
14
11
17
14
17
19
18
17
19
16
14
12
22
14
14
24
24
18
16
23
10
17
15
15
11
11
8
11
23
18
5
10
18
13
9
22
15
14
15
11
21
12
11
11
11
12
6
12
12
14
12
15
11
10
6
6
7
12
18
12
14
8
11
16
12
14
15
6
10
5
20
11
6
14
10
7
10
15
13
13
13
5
8
9
16
13
14
9
7
9
7
8
19
14
10
11
11
13
7
9
10
12
13
17
12
10
15
6
7
8
12
10
15
11
7
14
8
11
12
14
13
7
7
5
9
6
6
12
8
9
7
11
10
9
15
6
10
18
9
6
8
6
10
10
8
16
12
7
12
10
11
17
12
6
10
13
7
7
11
15
7
15
14
5
9
14
11
6
9
11
7
10
10
7
10
11
7
10
14
12
7
6
7
7
5
5
8
3
8
3
6
8
4
8
6
7
9
8
5
10
12
6
7
5
7
10
5
6
7
5
3
6
10
8
6
9
10
6
6
6
7
8
9
10
11
6
7
7
6
8
7
11
12
4
9
13
8
9
11
9
12
18
10
14
9
22
16
11
15
15
12
10
20
12
12
6
10
14
15
9
9
11
4
9
11
10
6
4
6
10
6
9
11
9
7
9
10
3
4
0
8
5
6
5
4
4
2
5
6
4
2
5
4
4
3
3
2
4
1
3
3
1
4
3
3
7
3
1
1
1
4
2
2
3
3
1
3
4
2
3
3
1
1
6
1
4
1
1
5
1
3
1
2
1
3
2
2
4
2
3
3
2
3
1
3
3
0
2
2
2
2
0
2
1
3
2
1
3
2
0
0
0
1
1
4
2
0
1
2
2
1
1
3
3
4
2
3
2
4
2
1
1
4
1
1
3
0
3
2
4
2
2
2
2
1
3
3
2
2
1
3
0
4
2
1
2
2
0
2
1
2
3
0
0
0
5
0
1
3
3
4
0
1
2
1
1
1
0
2
2
0
0
2
1
2
0
1
2
1
2
1
4
1
3
1
1
0
5
2
4
1
0
0
1
1
2
1
0
0
1
2
0
0
0
2
1
1
0
3
1
2
1
1
0
3
0
1
1
3
1
2
3
2
0
0
1
2
3
0
0
3
1
3
2
0
2
1
1
2
1
1
0
2
4
0
1
2
1
3
1
1
0
1
0
0
1
0
3
1
1
0
0
4
6
2
3
2
3
1
6
4
2
4
5
4
5
4
1
8
14
9
4
1
4
6
6
11
6
13
9
4
0
0
0
0
0
0
0
0
0
0
0
0
0
0
0
0
