SpectrumID=SampleSpec
Time=13-04-2022 05:40:39 PM
DeadTime(%)=0.4
LiveTime=250
RealTime=251
Channels=0 1023
0
0
0
0
0
0
0
0
0
0
0
0
0
0
0
0
0
0
0
0
0
0
0
0
0
0
0
0
0
0
0
0
0
0
0
0
0
0
0
0
0
0
0
0
0
0
1
1
1
6
8
12
29
66
162
375
598
857
1031
1342
1383
1497
1631
1663
1638
1695
1690
1650
1644
1607
1677
1705
1727
1642
1666
1615
1654
1588
1574
1630
1580
1560
1577
1593
1535
1425
1588
1561
1466
1494
1465
1457
1430
1489
1434
1342
1578
1482
1449
1452
1416
1474
1408
1464
1514
1471
1458
1404
1416
1327
1282
1377
1336
1335
1249
1214
1213
1109
1238
1154
1140
1114
1058
1114
1028
1050
967
1001
943
893
886
946
807
852
815
800
835
821
792
728
791
770
764
737
723
708
680
689
654
677
708
721
728
669
675
618
644
632
670
653
643
602
579
614
620
631
598
581
589
617
630
626
601
598
579
577
576
577
586
552
596
604
559
580
568
543
551
542
605
540
556
548
574
530
524
571
502
533
524
492
561
522
498
508
490
548
513
499
518
574
502
517
524
500
446
516
484
488
458
468
475
473
479
478
460
464
417
419
415
427
412
416
401
386
373
361
398
385
374
348
346
303
354
326
352
338
340
328
311
320
287
293
280
277
307
276
243
261
259
274
256
267
268
277
255
219
246
256
240
222
240
234
261
235
236
230
231
241
221
222
239
236
236
231
240
246
249
263
245
229
277
243
274
298
289
275
283
329
327
346
329
368
359
447
445
488
519
493
561
572
654
627
693
712
761
867
868
886
1023
1038
1050
1070
1099
1176
1170
1195
1214
1233
1254
1205
1205
1257
1202
1163
1104
1112
1047
968
908
893
809
778
696
593
605
513
471
436
413
391
355
264
246
210
190
196
167
159
135
132
108
102
89
91
77
76
63
66
47
49
52
42
37
36
36
43
34
35
27
36
29
28
27
33
23
21
29
22
33
13
21
31
19
21
23
21
21
26
26
14
15
23
21
28
16
20
18
16
19
16
22
23
30
15
13
20
19
14
22
16
18
21
17
23
27
17
19
16
13
24
21
13
19
27
17
28
15
15
17
12
21
21
18
20
20
18
21
14
19
19
18
15
18
15
22
17
12
11
21
23
13
16
20
18
20
13
21
22
13
17
16
18
23
14
11
8
8
18
14
14
16
14
16
18
12
14
8
11
17
7
18
11
13
17
18
15
9
11
14
19
7
6
9
11
14
13
8
10
10
9
12
11
8
9
13
10
17
9
16
8
8
9
8
8
15
12
12
13
17
15
14
12
12
13
13
3
7
12
6
10
7
9
9
8
11
14
10
10
7
11
8
13
11
6
14
9
4
12
14
8
11
16
7
15
6
13
9
11
5
8
9
10
12
9
12
13
13
13
7
14
14
14
5
8
8
10
10
8
6
10
4
5
8
14
9
5
5
9
10
9
10
5
11
6
10
6
10
6
12
13
9
6
14
9
6
12
10
10
11
8
6
14
7
13
4
9
13
11
12
10
8
12
10
9
5
4
5
7
6
8
6
10
2
5
10
9
5
10
4
5
7
6
11
12
9
11
5
5
4
4
4
6
6
4
8
8
2
7
2
6
6
5
8
3
7
5
4
10
3
9
7
9
10
7
9
9
9
9
7
5
8
5
11
8
5
10
12
8
13
10
19
7
13
7
14
11
10
11
15
15
10
8
10
12
10
13
7
6
13
9
13
14
14
10
8
2
10
9
10
5
6
11
7
8
5
4
6
7
7
4
2
7
8
6
6
8
2
4
5
6
3
3
5
5
1
4
5
6
4
0
5
3
4
3
1
4
2
3
2
5
2
2
4
2
1
1
1
3
1
1
5
5
0
1
3
2
2
4
3
4
0
0
4
1
1
2
0
1
0
2
1
2
2
5
2
2
4
2
3
2
1
1
1
0
1
2
3
1
0
4
2
1
0
3
2
5
2
5
3
2
1
3
1
1
2
1
0
1
2
3
1
0
1
1
7
2
3
2
4
4
3
2
2
0
0
3
3
5
0
1
3
3
1
1
1
1
1
2
1
4
1
2
0
1
0
1
0
1
3
1
0
0
0
1
3
1
3
1
1
1
1
2
0
0
0
1
1
0
2
1
0
1
0
0
2
4
2
2
1
2
0
3
1
4
0
2
1
2
0
0
1
0
1
2
2
1
0
1
2
2
2
2
3
0
2
1
1
2
4
1
2
0
3
2
2
1
1
0
2
0
1
0
0
0
3
0
1
1
0
2
1
3
0
1
1
1
2
2
2
1
0
2
3
0
4
2
4
2
1
4
1
1
0
5
4
2
6
6
6
2
3
2
6
5
10
7
7
8
5
9
5
4
4
6
4
8
10
4
0
0
0
0
0
0
0
0
0
0
0
0
0
0
0
0
