SpectrumID=SampleSpec
Time=13-04-2022 06:22:43 PM
DeadTime(%)=0.4
LiveTime=250
RealTime=251
Channels=0 1023
0
0
0
0
0
0
0
0
0
0
0
0
0
0
0
0
0
0
0
0
0
0
0
0
0
0
0
0
0
0
0
0
0
0
0
0
0
0
0
0
0
0
0
0
0
0
0
1
2
1
1
2
2
7
41
146
271
384
458
586
693
717
732
735
740
764
723
764
723
707
715
741
692
686
629
715
679
643
650
631
572
575
593
561
601
534
520
574
532
505
474
481
462
512
468
438
435
427
453
453
401
423
398
404
415
418
363
376
363
413
362
362
324
306
317
330
322
348
333
297
304
320
324
290
276
257
225
266
241
250
241
267
230
224
195
210
214
206
185
194
185
173
180
172
157
165
176
169
155
184
166
160
153
151
147
142
126
143
143
131
136
127
142
120
120
134
135
107
102
128
116
104
134
124
119
109
118
114
86
100
110
103
99
77
86
89
107
86
101
93
82
82
88
87
75
87
75
85
82
84
58
69
77
81
68
66
62
60
56
64
72
74
70
69
59
69
60
60
76
50
56
54
63
85
57
50
60
60
56
53
55
56
56
47
45
52
61
55
60
55
50
43
47
61
62
40
54
50
68
48
51
55
58
53
50
51
59
50
52
53
53
44
60
51
57
51
47
31
54
51
50
40
45
36
44
46
42
44
46
33
51
31
48
34
31
41
41
47
42
40
41
46
43
49
41
45
41
44
44
35
39
36
32
36
43
54
53
42
38
39
35
43
40
37
28
38
42
29
41
50
41
39
48
38
34
53
40
50
31
35
33
44
43
36
48
42
29
25
35
36
14
31
35
29
31
12
32
21
23
28
22
26
22
18
26
19
19
22
20
23
16
18
19
22
18
24
18
16
19
23
21
19
18
17
23
16
16
20
15
14
21
14
24
15
15
14
18
17
17
16
17
15
18
20
24
15
14
10
17
22
10
16
13
15
20
24
20
18
19
12
22
19
13
21
14
13
16
19
17
16
17
14
17
18
22
16
15
15
19
19
18
16
22
18
10
6
20
18
15
23
17
21
13
17
11
15
15
11
13
20
20
17
13
17
15
23
11
20
15
10
15
13
15
21
19
15
4
15
17
22
17
23
14
16
9
13
13
14
13
12
11
10
13
14
14
16
12
18
11
11
11
19
15
14
11
11
14
11
8
8
8
9
12
8
10
12
9
10
12
9
13
15
17
14
13
8
11
10
9
8
9
9
9
9
9
16
14
4
12
12
12
7
10
10
14
14
6
12
9
11
12
9
10
7
7
5
15
10
12
7
17
11
10
9
6
8
13
9
12
7
11
10
10
6
10
13
10
14
6
8
10
7
8
11
8
11
12
8
7
13
9
7
6
11
8
9
8
11
12
5
13
7
13
5
8
6
13
8
3
10
8
6
9
7
7
5
5
6
6
7
9
6
5
6
4
8
6
12
4
8
7
10
9
1
8
3
3
4
4
5
8
4
8
6
4
5
3
5
1
5
2
5
5
2
7
4
3
9
5
7
5
5
8
3
5
9
6
9
3
9
4
5
5
5
7
4
8
8
7
4
3
9
7
4
5
3
6
9
5
8
8
7
7
11
8
13
7
9
5
7
9
9
9
6
5
17
10
13
20
20
17
10
6
8
9
11
11
12
12
10
7
10
10
15
10
15
14
20
11
13
11
12
16
14
9
11
10
11
8
10
11
7
8
8
7
11
5
8
5
7
3
6
10
6
11
8
3
4
6
3
8
4
1
4
3
3
3
4
2
3
3
2
4
2
4
1
2
3
4
1
10
1
0
4
6
2
1
2
2
2
2
4
5
2
2
1
4
5
2
2
3
5
1
1
4
3
2
1
2
1
0
2
2
1
1
2
3
2
1
5
2
0
0
2
0
2
3
3
2
2
0
2
3
1
1
1
3
2
0
4
0
1
0
3
3
0
1
2
1
5
0
3
2
3
0
3
2
4
2
1
3
2
2
3
1
3
3
1
5
1
1
0
1
2
3
2
2
1
3
0
1
1
2
2
0
1
2
1
5
1
2
0
4
0
0
3
1
0
2
1
1
1
2
0
1
3
2
0
2
1
2
0
3
2
2
1
2
3
0
2
2
1
2
1
2
0
2
1
2
0
0
0
0
0
1
0
0
0
1
1
3
1
2
1
2
1
1
1
1
1
2
0
1
0
2
2
1
3
0
2
1
1
1
2
1
1
2
1
1
0
2
3
0
0
1
1
1
0
0
0
0
1
3
1
1
1
2
4
1
2
2
4
4
5
3
4
2
3
4
5
5
8
5
3
4
7
6
4
5
5
5
7
6
6
12
9
13
2
0
0
0
0
0
0
0
0
0
0
0
0
0
0
0
0
