SpectrumID=SampleSpec
Time=13-04-2022 04:10:06 PM
DeadTime(%)=4
LiveTime=600
RealTime=625
Channels=0 1023
0
0
0
0
0
0
0
0
0
0
0
0
0
0
0
0
0
0
0
0
0
0
0
0
0
0
0
0
0
0
0
0
0
0
0
0
0
0
0
0
2
1
3
6
11
24
66
130
206
420
655
1050
1828
3309
5862
9547
12246
13640
14061
13854
13206
12265
11753
11574
11529
11521
11605
11581
11714
11908
11988
11951
12223
12122
12209
12488
12386
12594
12897
12849
12748
13013
13041
13266
13063
13345
13005
13057
13070
12884
12850
12791
12860
12661
12600
12674
12255
12316
12170
12086
12258
12020
12029
11993
11952
11649
11691
11395
11412
11286
11115
10921
10814
10829
10653
10471
10478
10291
10131
10176
9940
9794
9839
9720
9509
9686
9613
9604
9876
9494
9884
9986
10055
10236
10467
10689
10802
11004
11357
11769
11774
12100
12152
12573
12705
12789
13008
13340
13495
13611
13743
13756
13768
13927
13941
13932
13779
13667
13803
13540
13305
13481
13272
13604
13583
13688
14000
14643
14907
15585
16109
16729
17280
18225
18778
19027
19666
20358
20678
20501
20551
20575
20406
19604
19192
18595
17610
16755
15622
14971
13740
12876
12228
11313
10601
9963
9123
8662
8266
7576
7281
6852
6402
6194
5829
5569
5151
5020
5002
4705
4583
4503
4245
4171
4051
4040
3854
3781
3723
3841
3643
3608
3578
3511
3423
3404
3317
3259
3316
3142
3149
3041
2997
2918
2797
2635
2770
2571
2484
2514
2479
2386
2304
2336
2229
2164
2145
2090
2036
1980
1914
1881
1832
1780
1768
1773
1718
1682
1707
1629
1591
1642
1474
1519
1686
1545
1554
1538
1430
1550
1419
1475
1481
1506
1530
1463
1560
1568
1506
1566
1635
1688
1651
1650
1777
1753
1772
1884
1910
1970
2165
2175
2197
2385
2400
2616
2661
2824
2995
3230
3349
3632
3739
4063
4169
4400
4641
5078
5308
5573
6044
6350
6844
7206
7703
8065
8370
8727
9186
9356
9844
10117
10322
10941
10829
11167
11319
11346
11328
11426
11316
11101
10911
10695
10359
10243
9613
9314
8811
8405
7925
7555
6912
6332
6085
5551
5101
4762
4307
3903
3770
3367
3170
2873
2652
2515
2288
2124
1922
1829
1749
1552
1604
1405
1349
1330
1299
1196
1172
1132
1055
1137
1022
1028
1025
952
932
947
880
899
919
885
892
904
855
887
875
789
806
768
815
833
775
737
805
775
770
793
772
778
822
804
735
751
775
760
800
790
802
780
744
756
774
742
773
755
743
788
705
771
782
767
795
789
776
758
792
794
738
714
705
734
789
767
753
783
766
830
749
782
761
772
724
772
709
745
754
757
772
746
749
764
778
727
742
772
774
752
687
708
670
689
695
702
669
664
705
709
667
641
692
682
622
686
591
640
631
620
619
629
604
586
583
632
607
552
561
544
580
613
511
606
545
526
582
542
522
503
518
551
521
522
443
493
502
523
516
527
524
460
481
490
491
472
464
479
465
524
487
493
506
484
497
471
486
518
561
502
494
548
522
527
516
555
549
531
548
506
535
573
601
628
624
611
629
660
681
616
688
719
724
793
762
798
807
777
837
897
852
958
910
987
1039
960
1030
1060
1065
1032
1070
1099
1179
1174
1124
1149
1155
1179
1157
1168
1120
1090
1131
1112
1143
1102
1060
1010
1067
1003
984
984
954
912
915
885
801
803
816
741
730
691
664
600
605
609
592
566
583
579
548
525
537
514
505
462
493
454
485
497
523
437
496
471
464
511
500
515
525
533
571
587
543
552
610
626
637
616
645
714
681
718
756
811
775
794
828
823
862
779
848
895
860
901
881
893
845
881
887
920
872
807
780
781
786
741
753
732
750
747
711
681
642
642
592
537
580
498
500
444
483
466
443
374
361
376
353
315
350
311
281
249
266
248
234
236
203
215
188
196
189
162
170
147
150
151
164
137
143
128
119
136
108
104
86
110
109
105
100
100
96
90
97
71
85
86
88
68
73
75
72
75
59
69
60
59
75
54
53
49
61
40
40
48
52
46
55
48
42
39
44
42
45
48
36
36
47
37
40
39
29
39
35
35
39
29
43
27
28
22
31
33
28
32
40
35
36
31
36
28
24
28
25
40
28
28
25
31
28
25
36
24
32
32
22
24
24
25
29
27
24
26
25
27
30
23
17
14
24
13
34
18
27
19
25
20
40
26
18
27
19
20
25
23
22
17
23
13
12
17
24
23
25
25
20
26
30
17
9
25
19
21
29
16
20
22
27
17
22
17
20
14
16
18
8
14
22
14
19
7
15
21
14
13
16
11
15
19
18
12
13
18
15
16
16
14
12
19
12
18
19
14
18
11
11
11
10
13
16
18
10
10
16
15
9
7
15
12
11
11
9
9
12
18
19
17
18
14
9
10
11
7
9
19
8
14
13
6
15
11
11
8
17
19
13
13
9
8
13
9
14
13
9
18
11
9
6
11
11
9
11
8
10
17
5
10
20
12
8
13
12
5
6
7
7
11
12
5
12
10
7
9
16
6
7
11
9
8
14
5
16
17
9
11
17
11
14
12
13
20
12
9
20
26
21
20
19
17
17
29
26
23
20
31
28
39
23
27
36
34
36
33
34
36
40
40
41
42
36
32
0
0
0
0
0
0
0
0
0
0
0
0
0
0
0
0
