SpectrumID=SampleSpec
Time=13-04-2022 05:06:37 PM
DeadTime(%)=1.19
LiveTime=250
RealTime=253
Channels=0 1023
0
0
0
0
0
0
0
0
0
0
0
0
0
0
0
0
0
0
0
0
0
0
0
0
0
0
0
0
0
0
0
0
0
0
0
0
0
0
0
0
0
0
0
1
0
0
1
1
1
4
17
20
47
71
203
399
704
907
1175
1295
1456
1531
1639
1565
1635
1553
1621
1674
1627
1652
1687
1717
1659
1606
1609
1649
1644
1652
1605
1617
1600
1575
1624
1514
1532
1608
1580
1584
1493
1558
1558
1555
1559
1632
1615
1544
1578
1593
1605
1522
1666
1675
1666
1599
1651
1620
1721
1563
1573
1563
1532
1504
1491
1426
1419
1348
1332
1397
1353
1335
1271
1313
1199
1182
1190
1139
1115
1183
1114
1096
1124
1000
1039
971
939
931
894
928
870
879
841
844
824
840
851
795
799
825
795
802
769
722
758
776
741
708
697
741
754
745
681
701
723
698
650
667
669
658
684
674
723
717
731
662
737
661
650
671
656
685
629
648
672
619
648
607
640
606
600
639
613
629
595
597
599
626
605
590
620
628
614
658
604
600
588
607
576
602
583
573
574
547
534
535
535
575
591
558
525
521
518
501
538
478
504
477
447
463
494
464
471
452
458
427
404
418
416
374
374
387
337
373
334
320
291
326
322
308
280
302
288
289
266
253
245
224
255
255
225
226
231
207
216
207
200
186
207
186
201
194
182
220
203
193
192
209
191
178
207
221
183
215
209
226
214
234
251
226
233
251
252
286
305
337
373
351
390
436
477
454
495
542
598
659
701
731
757
890
951
1020
1075
1149
1220
1281
1370
1449
1535
1624
1697
1713
1791
1854
1924
1928
1938
1931
1994
2007
1892
1892
1816
1791
1743
1628
1473
1471
1376
1223
1209
1096
1040
890
819
725
748
608
527
500
437
406
326
339
319
234
226
171
190
164
148
132
128
99
106
81
78
85
77
58
74
57
46
49
35
42
41
47
29
45
41
40
26
29
29
25
23
23
29
12
27
24
25
25
17
28
16
22
16
20
17
28
23
23
10
19
27
18
20
23
23
18
27
21
22
23
16
14
14
16
23
16
17
18
19
19
27
17
14
18
18
15
23
17
19
15
31
18
23
22
23
17
16
21
16
14
14
14
9
23
18
12
16
22
23
13
15
23
11
23
16
22
18
12
18
18
12
16
14
20
16
12
10
23
14
20
15
13
16
12
20
14
13
13
12
19
14
11
16
11
19
10
15
12
10
18
21
13
16
13
8
10
11
11
12
17
10
12
11
10
13
16
15
8
10
9
13
15
10
12
12
12
12
7
15
15
9
13
13
12
14
15
9
13
13
9
8
7
14
7
15
15
10
9
18
9
11
10
7
11
16
10
13
14
10
8
15
19
13
7
11
11
7
8
8
7
17
9
12
6
15
9
10
8
14
15
15
14
8
9
10
10
7
15
5
15
9
7
13
7
12
6
9
10
8
7
11
10
12
12
10
14
7
14
11
13
8
7
10
18
9
15
12
12
10
9
14
16
11
12
10
8
12
12
9
13
10
13
8
9
12
9
9
10
5
5
6
10
7
6
6
7
5
6
4
10
6
9
7
9
6
8
4
6
7
10
9
5
8
10
8
5
8
11
7
3
9
6
6
4
5
4
6
7
9
13
8
8
6
8
8
3
13
10
8
11
4
11
8
7
13
15
15
11
11
9
9
4
13
9
11
13
14
13
13
7
8
13
10
9
13
9
10
9
10
9
4
11
13
15
7
12
10
10
9
9
5
8
13
8
6
8
6
9
7
7
4
3
5
8
4
5
4
3
9
2
3
1
3
4
2
2
4
11
6
3
1
5
1
2
4
3
0
2
1
2
0
3
5
2
1
3
3
3
1
1
2
5
1
2
1
6
3
3
3
1
1
1
3
3
4
1
1
1
2
4
4
0
1
3
2
3
2
0
2
1
1
2
3
3
2
2
0
3
1
2
2
2
2
2
2
1
4
1
1
3
2
0
1
4
3
1
2
0
3
2
1
1
2
2
1
5
1
1
2
1
1
2
3
2
4
5
3
0
2
2
2
1
2
1
1
0
2
1
1
3
4
3
1
3
5
2
0
1
2
4
0
0
3
3
5
1
1
1
2
1
1
0
2
2
1
0
2
3
2
0
1
0
3
2
2
2
1
4
2
1
1
2
3
2
2
2
0
1
2
4
0
3
1
2
0
0
1
0
2
2
1
1
2
1
1
2
0
1
0
1
1
1
0
0
1
1
1
0
2
2
2
1
1
0
3
3
0
2
1
2
1
0
1
1
1
1
1
2
0
1
2
0
2
4
0
3
1
0
1
2
1
1
1
2
1
1
1
3
0
0
1
5
5
6
1
3
3
10
6
1
2
3
6
5
7
7
5
5
5
6
5
6
10
10
0
0
0
0
0
0
0
0
0
0
0
0
0
0
0
0
