SpectrumID=SampleSpec
Time=13-04-2022 03:29:44 PM
DeadTime(%)=0.99
LiveTime=600
RealTime=606
Channels=0 1023
0
0
0
0
0
0
0
0
0
0
0
0
0
0
0
0
0
0
0
0
0
0
0
0
0
0
0
0
0
0
0
0
0
0
0
0
0
0
0
0
0
0
0
0
0
3
5
5
18
31
75
68
99
164
310
689
1058
1512
1768
2098
2475
2528
2606
2686
2651
2649
2599
2554
2667
2527
2685
2584
2517
2618
2585
2497
2503
2408
2443
2469
2387
2394
2468
2312
2383
2334
2318
2250
2286
2261
2242
2225
2242
2279
2128
2122
2227
2111
2130
2122
2050
2087
2090
2080
2059
2119
2101
2163
2214
2131
2115
2080
2147
2188
2255
2246
2197
2238
2248
2215
2160
2181
2206
2081
2075
2058
2034
1951
1922
1959
1883
1822
1737
1685
1612
1632
1532
1600
1508
1504
1481
1473
1451
1390
1337
1422
1324
1338
1260
1255
1257
1247
1205
1252
1178
1246
1166
1256
1142
1163
1158
1086
1134
1134
1110
1164
1105
1079
1060
1094
1036
1065
1000
1009
1058
965
1053
1022
959
977
1017
981
940
955
915
932
891
881
891
901
925
937
889
888
853
947
902
866
879
864
854
860
834
899
837
871
847
827
883
784
852
811
777
801
865
829
830
794
826
782
771
761
751
830
746
783
772
773
793
799
727
807
761
730
702
791
756
771
751
772
742
751
712
731
775
796
778
730
746
716
748
765
799
732
737
738
742
721
728
709
703
697
696
734
728
714
684
701
714
682
713
666
724
695
703
672
702
707
647
672
673
660
676
705
711
629
638
629
680
658
658
665
693
661
699
632
653
669
657
647
638
602
612
655
646
682
650
689
621
619
681
685
640
680
642
661
615
644
608
598
652
634
646
629
642
651
625
644
615
657
647
602
581
638
642
614
647
630
672
652
583
618
654
660
623
593
619
597
623
642
621
605
594
588
651
611
653
639
625
620
630
608
583
634
631
606
635
602
604
639
631
624
618
606
640
584
611
649
646
669
649
629
627
588
641
631
574
657
657
662
640
626
680
629
601
618
645
678
639
662
630
607
621
650
630
665
641
642
649
646
671
637
646
692
654
687
633
670
654
650
639
684
695
703
666
689
663
687
651
650
663
687
636
708
674
691
660
732
659
706
690
699
674
657
661
717
687
668
672
639
713
637
696
704
628
676
644
663
674
675
639
679
687
670
631
654
695
602
669
630
625
622
641
621
627
590
616
572
587
604
574
567
552
571
528
576
536
528
552
486
519
522
507
543
529
500
500
511
489
487
473
473
466
459
456
468
438
456
463
444
420
459
434
463
430
415
439
405
458
440
464
435
444
489
433
423
419
415
443
458
444
415
455
460
440
474
468
461
495
468
491
509
487
545
479
518
515
545
599
556
534
547
584
567
630
637
642
694
677
679
731
773
802
817
832
773
858
863
892
921
909
981
1017
1007
1017
1071
1078
1115
1134
1141
1190
1177
1198
1229
1203
1178
1181
1187
1125
1153
1165
1083
1096
1111
1045
1008
1004
911
944
973
855
852
825
768
743
716
702
689
615
646
639
578
545
545
537
491
502
465
487
419
432
406
507
436
449
403
440
421
468
453
454
392
476
477
504
474
497
534
540
582
572
636
587
624
632
628
655
709
714
687
765
771
761
786
803
838
851
849
837
870
885
867
919
858
845
793
866
854
886
810
801
841
829
808
754
751
688
679
637
639
626
587
557
531
530
484
468
441
415
379
415
362
366
330
300
313
274
274
238
236
214
231
229
166
193
152
170
152
136
145
148
143
124
105
121
111
103
81
96
85
97
106
84
64
80
69
61
74
61
67
56
76
54
55
62
43
51
39
37
43
47
44
44
42
46
39
38
38
32
26
40
29
30
23
25
24
17
28
23
28
26
28
19
26
22
20
17
28
21
18
14
17
18
18
23
17
16
11
20
13
15
20
8
19
17
11
21
11
21
14
24
14
16
23
16
13
15
15
20
14
14
15
21
6
18
17
10
19
17
14
12
15
17
14
6
14
14
16
18
17
11
13
16
11
15
12
11
11
11
15
16
16
6
7
8
10
9
7
19
11
11
9
13
7
12
9
11
8
10
9
12
8
13
14
10
10
20
3
14
6
8
11
10
10
10
7
10
7
16
15
11
19
14
6
12
4
12
7
4
8
12
3
11
14
10
11
7
9
10
11
14
10
9
12
12
5
13
12
12
4
7
7
15
4
11
10
8
9
12
12
8
5
9
11
11
7
6
10
12
14
8
8
11
13
3
7
4
9
8
11
9
9
12
6
7
5
9
11
7
9
9
6
7
10
5
7
5
11
7
9
8
11
11
15
6
6
12
9
5
5
6
5
9
8
5
11
9
10
10
5
12
11
5
8
7
10
7
14
8
10
13
10
12
13
13
13
19
18
14
16
18
15
25
20
28
19
24
21
31
26
32
33
29
38
31
31
39
37
0
0
0
0
0
0
0
0
0
0
0
0
0
0
0
0
