SpectrumID=SampleSpec
Time=13-04-2022 05:59:31 PM
DeadTime(%)=0.4
LiveTime=250
RealTime=251
Channels=0 1023
0
0
0
0
0
0
0
0
0
0
0
0
0
0
0
0
0
0
0
0
0
0
0
0
0
0
0
0
0
0
0
0
0
0
0
0
0
0
0
0
0
0
0
0
0
0
0
2
1
6
5
15
27
50
165
408
609
881
1081
1327
1466
1592
1572
1569
1706
1599
1577
1666
1694
1681
1698
1685
1588
1703
1647
1636
1545
1583
1587
1575
1581
1560
1554
1437
1526
1530
1487
1491
1508
1507
1396
1403
1428
1450
1476
1416
1396
1391
1325
1430
1385
1364
1362
1314
1356
1316
1237
1281
1273
1274
1222
1215
1162
1199
1171
1103
1098
1089
1073
1095
980
993
955
1000
973
877
870
881
864
859
801
836
773
792
787
781
764
765
707
656
721
715
653
677
669
666
645
638
631
629
589
584
608
578
610
571
598
578
573
586
580
607
571
563
541
540
612
562
539
549
531
562
548
566
558
562
538
530
498
542
521
514
516
483
518
520
489
470
485
555
450
479
498
488
522
467
465
450
461
489
447
492
470
530
442
442
444
415
457
449
427
466
419
434
462
469
430
466
445
404
437
403
385
390
388
395
386
383
369
414
349
366
345
350
355
321
350
337
295
344
344
349
328
344
343
319
310
271
285
284
306
291
298
283
301
289
271
257
247
307
293
263
233
264
260
245
236
243
232
239
221
244
234
223
228
252
210
195
225
229
251
233
225
227
218
262
225
226
216
257
239
273
285
264
241
274
321
300
329
306
312
320
307
350
394
362
367
408
482
517
556
526
519
644
635
668
657
744
736
741
815
832
861
874
876
869
864
950
901
930
853
846
843
832
772
750
752
714
643
604
532
537
473
455
409
403
346
314
283
252
225
227
193
167
152
127
105
102
104
71
88
67
74
71
51
52
41
56
42
43
34
36
25
28
31
36
34
20
32
29
25
28
29
20
16
19
26
18
24
30
15
18
12
23
24
20
20
13
16
20
21
24
18
21
25
22
16
26
13
21
22
19
17
22
20
23
17
16
15
25
21
9
14
18
22
15
18
20
19
18
14
13
14
12
22
20
15
21
18
17
19
11
22
12
24
12
17
34
11
15
21
18
15
15
17
17
17
17
23
23
18
17
19
20
23
17
16
13
14
18
18
16
15
9
9
13
13
14
17
15
17
16
9
17
16
17
13
14
14
13
10
9
13
8
16
11
16
7
13
14
10
12
9
16
17
13
5
14
13
10
11
7
8
13
10
11
11
9
11
8
14
12
16
16
13
13
10
7
17
9
19
10
13
9
15
14
11
5
14
15
11
9
8
9
11
3
8
4
5
5
14
12
12
9
7
9
12
10
11
12
12
13
6
16
10
4
10
15
4
7
8
11
4
11
4
6
8
9
13
8
12
3
10
10
13
3
10
8
10
13
11
6
8
7
11
11
9
9
5
8
10
8
4
6
5
9
11
9
7
11
10
11
5
8
10
11
9
12
14
12
10
8
3
10
6
13
10
12
10
8
6
9
12
13
13
8
9
11
9
7
5
10
8
6
4
8
4
7
7
4
7
8
5
5
1
3
8
3
10
9
7
4
7
6
2
3
10
4
4
7
6
4
11
7
5
10
8
6
7
10
9
6
5
6
6
8
6
7
7
3
12
12
10
10
11
9
15
8
4
12
12
9
14
17
10
14
13
11
7
14
14
10
8
11
8
9
14
10
7
6
10
13
6
13
11
14
9
13
13
8
9
4
7
6
2
7
4
5
7
5
4
5
7
6
1
6
2
3
1
6
4
6
3
1
3
5
3
5
3
1
1
5
2
6
5
2
3
4
2
4
3
3
1
4
0
2
3
3
3
2
4
4
1
5
3
4
4
3
1
2
1
2
3
2
2
1
1
1
1
2
3
4
3
1
3
3
3
2
2
2
3
1
5
1
1
3
1
2
2
0
0
2
2
4
3
0
1
2
0
0
3
4
4
4
1
2
0
1
1
3
0
2
2
0
2
1
2
3
1
1
2
3
1
0
1
0
1
4
2
2
0
3
2
1
2
0
3
5
1
1
3
3
1
2
3
2
0
2
0
3
1
0
0
2
2
5
3
2
4
2
1
2
0
1
2
2
3
1
2
0
3
1
4
2
1
1
1
1
4
0
1
1
2
0
3
1
0
3
2
2
2
2
2
3
0
0
0
1
0
1
3
0
1
4
0
1
0
3
0
0
1
1
1
0
1
0
1
1
0
2
1
2
2
2
2
4
0
0
3
1
0
0
3
2
2
1
2
0
3
2
2
2
1
4
1
1
2
1
2
1
2
4
6
2
5
6
4
8
5
6
1
5
4
7
6
2
6
7
9
8
4
7
8
13
9
5
9
6
0
0
0
0
0
0
0
0
0
0
0
0
0
0
0
0
