SpectrumID=SampleSpec
Time=13-04-2022 05:35:04 PM
DeadTime(%)=0.79
LiveTime=250
RealTime=252
Channels=0 1023
0
0
0
0
0
0
0
0
0
0
0
0
0
0
0
0
0
0
0
0
0
0
0
0
0
0
0
0
0
0
0
0
0
0
0
0
0
0
0
0
0
0
0
0
1
0
1
1
5
6
11
14
29
73
171
411
644
873
1103
1292
1452
1510
1584
1526
1676
1641
1701
1675
1659
1707
1721
1586
1671
1734
1605
1617
1639
1548
1604
1602
1636
1660
1539
1536
1529
1540
1561
1550
1521
1520
1563
1557
1510
1552
1565
1538
1476
1555
1599
1544
1516
1530
1546
1507
1478
1452
1516
1385
1408
1479
1346
1346
1361
1273
1243
1305
1280
1210
1240
1185
1149
1186
1079
1098
1021
1107
994
1007
1060
958
923
931
917
896
862
878
829
823
864
815
822
743
796
799
785
734
769
683
750
686
696
648
703
678
667
697
711
701
689
688
633
649
674
602
616
604
628
638
575
634
618
582
641
599
598
599
604
593
586
618
593
645
601
568
637
619
549
586
574
570
570
584
516
527
579
601
581
577
565
612
587
593
548
537
532
550
572
541
538
485
570
539
488
497
514
553
523
513
471
450
503
471
458
478
491
455
442
419
427
434
427
431
425
425
413
402
374
391
377
372
355
357
352
366
313
321
341
332
330
296
310
305
262
300
290
300
278
308
289
258
263
258
236
243
254
240
209
228
249
257
251
251
251
245
206
236
237
210
242
213
239
231
233
256
249
261
237
232
246
243
268
252
280
300
316
286
310
343
366
358
390
418
441
423
449
516
556
551
602
657
641
784
792
855
852
926
982
1029
1097
1151
1213
1213
1240
1352
1380
1333
1400
1431
1374
1271
1371
1364
1290
1289
1345
1208
1156
1108
984
922
879
786
753
682
599
564
500
487
412
408
377
288
245
232
243
197
192
184
128
155
109
111
91
96
77
71
60
67
53
62
46
42
39
34
41
35
31
50
32
37
26
24
26
27
21
28
24
24
25
27
28
22
28
22
20
20
17
18
22
22
20
15
13
25
15
16
18
18
18
25
22
20
18
20
20
16
13
13
22
13
15
20
19
18
16
17
20
18
21
17
19
20
16
16
30
26
21
15
14
16
23
20
14
20
12
23
21
22
20
22
17
17
17
23
15
16
21
17
16
12
21
11
18
16
20
21
16
16
16
15
20
23
17
16
16
17
14
15
23
16
13
10
18
9
15
18
12
12
16
16
6
13
12
10
24
14
10
9
15
11
14
17
11
7
15
13
12
8
16
8
9
7
8
13
16
13
8
7
16
9
19
12
5
7
9
11
6
15
15
15
8
13
10
18
5
9
12
12
12
6
6
6
6
13
8
15
16
14
11
12
14
8
8
12
7
10
9
17
10
13
9
11
9
8
7
14
12
8
12
7
7
9
12
5
8
7
15
9
7
11
5
10
12
6
11
10
10
9
6
14
9
9
9
9
7
13
10
9
9
9
8
8
10
6
12
7
16
7
8
15
5
8
9
8
8
10
8
9
10
4
4
9
5
11
9
11
7
5
8
7
12
7
5
8
11
11
7
9
8
1
10
6
4
11
5
5
7
8
5
7
1
6
9
10
5
3
7
10
6
0
7
5
8
8
5
5
6
7
10
8
8
2
9
13
8
4
5
14
6
10
13
10
12
7
13
4
10
6
14
9
12
7
8
9
6
15
8
12
4
8
12
12
9
4
8
14
17
11
10
13
8
7
9
7
13
8
8
11
15
13
10
2
6
7
12
6
5
3
7
6
7
12
4
6
7
5
7
6
3
5
4
3
4
4
5
3
1
3
7
1
4
4
3
3
5
2
5
6
1
2
4
4
3
3
3
5
3
1
2
4
4
2
2
4
2
2
1
4
2
4
3
7
1
1
1
4
3
6
2
3
1
6
6
2
1
4
2
3
1
4
2
2
1
2
1
3
1
1
4
0
5
4
3
1
0
5
2
1
4
0
2
0
0
2
1
3
3
0
1
3
3
1
2
2
1
2
3
1
2
3
1
1
1
1
0
1
3
0
1
2
1
1
2
1
0
2
1
2
0
2
5
2
0
2
1
4
1
5
2
0
2
3
1
3
1
1
1
1
1
4
1
0
3
3
0
2
3
1
0
3
0
1
3
2
1
1
3
0
2
0
0
1
4
2
1
4
0
1
3
2
0
1
2
2
2
1
1
0
0
1
0
4
2
2
1
0
1
1
1
0
2
0
0
1
0
0
2
2
1
0
1
2
2
0
2
1
3
1
1
2
0
2
2
3
1
0
1
3
1
2
1
1
2
2
4
1
1
1
1
6
0
1
2
2
3
2
3
1
2
1
2
0
4
4
4
3
3
3
6
2
6
3
3
2
4
3
6
5
7
8
4
6
4
6
6
10
5
11
0
0
0
0
0
0
0
0
0
0
0
0
0
0
0
0
