SpectrumID=SampleSpec
Time=13-04-2022 05:53:46 PM
DeadTime(%)=0.79
LiveTime=250
RealTime=252
Channels=0 1023
0
0
0
0
0
0
0
0
0
0
0
0
0
0
0
0
0
0
0
0
0
0
0
0
0
0
0
0
0
0
0
0
0
0
0
0
0
0
0
0
0
0
0
0
0
0
0
0
2
7
6
11
33
54
147
376
639
927
1116
1301
1472
1499
1532
1622
1592
1642
1641
1649
1681
1672
1648
1669
1701
1613
1609
1605
1630
1590
1581
1558
1569
1553
1594
1526
1483
1444
1495
1531
1444
1473
1464
1411
1447
1444
1437
1507
1373
1439
1430
1471
1374
1373
1409
1362
1352
1375
1293
1291
1324
1344
1303
1302
1252
1191
1225
1168
1126
1148
1099
1166
1018
1085
1002
974
1014
1025
925
913
901
879
848
862
774
806
802
811
767
770
736
760
748
730
722
667
735
671
699
621
675
672
661
674
614
632
614
609
626
596
609
598
573
604
591
604
567
531
569
569
570
584
604
553
514
570
507
562
533
507
518
550
576
555
593
520
569
545
524
552
512
497
472
517
483
551
482
496
506
463
492
490
521
495
514
529
466
484
475
455
458
451
436
443
468
478
458
457
459
457
469
451
458
419
434
425
364
394
424
404
419
409
437
363
389
359
333
381
364
387
334
380
351
309
363
324
298
307
322
306
306
299
293
291
293
272
307
290
275
280
254
252
254
265
236
262
243
249
238
214
202
248
249
247
236
247
240
222
233
253
216
228
236
228
260
255
229
228
253
263
265
277
261
220
265
242
280
292
266
327
315
331
350
351
356
347
391
419
453
447
523
512
520
579
593
663
639
706
750
775
791
814
891
844
908
965
1011
1000
966
980
1047
1017
975
968
949
899
864
850
800
778
707
657
618
578
536
501
468
418
328
344
297
269
251
219
210
187
148
140
155
114
97
92
84
75
83
63
64
57
44
46
45
43
40
37
41
32
44
29
27
28
25
22
25
30
27
27
30
27
20
25
20
25
16
21
20
19
20
14
28
20
21
23
14
17
19
22
18
21
14
18
25
19
17
16
17
11
15
22
14
12
18
9
16
20
14
18
22
19
17
20
16
17
18
14
13
16
9
14
28
22
17
16
17
21
17
20
20
24
15
24
23
15
12
21
19
24
14
20
10
18
13
15
19
12
20
14
10
8
20
18
22
16
17
19
20
8
14
14
15
18
11
15
17
11
15
12
17
13
11
9
10
8
9
14
12
12
15
8
13
12
12
10
14
13
12
8
14
14
15
12
18
12
19
4
16
5
6
6
13
11
10
9
10
11
11
9
5
13
11
16
10
14
9
12
12
4
10
10
11
8
17
9
9
8
14
18
5
10
11
10
6
12
7
3
11
15
6
8
12
15
8
10
10
7
7
10
9
12
14
4
12
10
10
5
15
10
19
8
9
13
8
7
8
13
13
7
8
7
7
11
10
7
13
6
11
6
5
4
6
12
7
7
8
6
15
11
4
14
6
9
11
11
9
9
10
13
8
9
8
8
21
7
10
14
14
11
8
8
6
11
11
8
6
9
6
5
12
8
3
16
9
4
9
7
6
5
12
7
7
6
4
4
8
7
10
10
6
8
3
9
8
10
6
4
2
3
6
6
8
9
4
13
7
6
6
7
8
6
11
9
8
9
3
10
8
12
8
3
5
8
9
8
9
9
8
5
9
12
7
10
14
12
17
9
12
14
11
4
15
13
10
10
14
11
9
11
12
8
7
10
8
13
16
7
11
8
8
12
8
8
10
10
7
6
5
11
8
7
6
5
8
3
5
4
5
3
5
5
6
7
3
3
5
3
3
2
2
0
1
1
4
1
2
1
3
2
2
6
3
2
5
5
5
3
6
3
3
3
0
3
2
2
0
1
2
5
3
1
2
2
1
2
1
1
1
3
2
2
2
1
1
1
1
2
2
2
2
2
1
2
3
3
3
2
2
1
1
2
2
2
0
3
3
0
3
2
2
1
4
2
1
0
0
1
0
2
0
1
1
2
2
1
3
0
1
0
3
4
7
1
2
5
0
6
3
2
4
1
1
2
0
3
1
1
0
4
0
1
0
0
1
1
3
2
0
0
1
2
0
3
2
1
3
1
2
1
3
1
2
2
3
1
1
0
1
2
0
1
1
1
4
2
4
1
0
0
3
1
2
1
3
2
1
2
2
0
2
0
2
3
0
1
1
2
2
1
0
1
0
1
0
2
2
1
2
1
1
2
0
1
0
3
0
1
1
2
2
0
2
3
1
2
1
0
0
3
0
0
1
0
1
2
0
0
1
0
0
2
2
1
0
0
1
2
1
2
3
4
3
1
5
4
2
1
4
5
2
4
3
4
2
5
7
3
2
7
5
5
5
7
9
9
11
7
7
9
10
10
7
11
0
0
0
0
0
0
0
0
0
0
0
0
0
0
0
0
