SpectrumID=SampleSpec
Time=13-04-2022 05:29:36 PM
DeadTime(%)=0.79
LiveTime=250
RealTime=252
Channels=0 1023
0
0
0
0
0
0
0
0
0
0
0
0
0
0
0
0
0
0
0
0
0
0
0
0
0
0
0
0
0
0
0
0
0
0
0
0
0
0
0
0
0
0
0
0
0
0
2
0
2
3
14
22
33
76
176
412
661
874
1160
1322
1492
1565
1714
1611
1708
1632
1691
1684
1727
1743
1712
1662
1668
1759
1727
1641
1584
1634
1625
1601
1695
1585
1606
1589
1503
1560
1634
1553
1515
1588
1501
1502
1547
1550
1511
1521
1582
1641
1605
1489
1586
1581
1548
1564
1489
1576
1459
1472
1516
1504
1427
1377
1374
1383
1406
1274
1323
1340
1255
1254
1185
1183
1126
1136
1127
1083
1050
1033
1003
948
986
966
993
918
927
875
875
850
867
846
771
816
794
778
775
816
778
739
744
716
704
740
652
727
686
669
716
710
695
692
737
659
703
671
658
683
645
665
628
634
689
589
667
599
608
633
586
611
636
661
615
595
611
600
605
597
595
544
620
611
565
568
580
606
550
567
592
596
532
574
568
556
538
560
600
577
546
542
547
565
527
527
533
517
502
501
538
535
520
543
479
481
487
499
481
507
460
446
462
455
445
414
467
392
405
418
362
388
367
354
364
348
335
372
351
340
327
299
327
314
282
296
273
293
291
258
284
255
271
252
274
262
232
271
235
234
231
254
217
197
242
236
222
218
243
213
234
199
220
270
233
241
224
232
233
275
254
267
292
260
286
277
331
336
358
357
393
406
451
414
430
482
495
569
600
608
670
718
753
815
906
904
1006
1060
1119
1110
1251
1329
1322
1386
1437
1393
1510
1474
1555
1549
1555
1571
1552
1471
1442
1446
1415
1276
1260
1161
1082
1052
920
887
777
748
750
625
557
478
453
430
377
310
312
271
245
188
175
145
163
121
110
132
120
95
85
80
68
66
62
53
50
44
43
37
41
39
51
35
31
28
34
27
26
36
27
24
23
29
28
27
20
26
26
32
24
22
20
22
23
21
22
21
17
20
24
19
18
29
26
11
17
22
22
13
22
18
25
18
12
23
20
24
10
14
18
17
13
22
14
21
18
12
18
15
24
18
20
10
13
18
21
26
15
16
13
21
15
24
25
23
20
15
19
13
18
17
22
13
20
18
21
20
24
13
15
11
13
18
20
15
20
19
17
19
21
22
11
13
12
20
12
12
17
18
14
15
18
13
10
9
15
23
7
22
12
11
9
14
10
6
14
13
7
19
8
10
13
8
13
12
14
10
11
11
13
14
12
10
15
10
9
9
12
14
7
7
16
12
17
12
10
16
11
10
12
11
7
10
15
12
9
10
10
11
17
8
10
14
9
9
12
15
11
5
15
12
10
8
4
10
9
10
7
12
2
12
22
9
9
14
3
5
9
6
17
14
8
10
7
14
6
6
8
15
7
8
5
7
12
8
14
4
8
7
6
11
7
12
11
9
9
15
12
7
5
9
8
7
8
9
8
8
8
11
7
11
15
18
10
13
10
12
14
9
9
12
9
7
10
6
4
4
5
13
11
9
8
8
7
15
4
12
13
9
7
11
5
5
5
6
4
3
5
7
4
11
10
2
4
11
7
4
5
7
9
5
9
7
13
9
10
4
4
11
8
16
11
13
10
9
6
5
7
8
5
8
6
10
11
9
9
12
14
12
12
12
9
11
8
14
8
12
9
12
10
12
11
14
8
11
14
13
6
15
9
13
13
12
7
6
5
8
13
11
4
11
10
5
11
5
10
11
8
7
4
3
4
6
6
4
0
4
6
3
4
4
2
6
4
2
3
2
8
2
4
3
1
4
1
3
6
4
1
3
3
1
2
5
2
4
3
3
0
4
3
0
2
4
1
3
2
2
5
2
3
3
3
3
2
1
2
2
3
3
3
1
1
1
2
4
1
1
1
2
2
1
1
2
3
0
5
2
1
2
1
2
2
3
3
0
2
0
5
2
2
1
2
2
2
0
2
3
1
2
0
2
2
3
3
1
4
2
2
3
1
3
3
3
0
1
2
2
5
1
1
1
1
1
2
2
1
2
4
1
2
2
2
0
3
4
2
3
3
0
0
4
0
1
0
2
2
1
2
1
0
2
1
1
2
0
3
4
3
0
1
3
3
2
1
1
0
3
4
1
0
3
1
0
1
3
2
3
3
0
0
1
1
1
1
2
0
1
1
2
1
1
1
3
0
1
1
2
1
0
1
1
4
3
1
1
1
0
1
1
0
2
1
4
1
0
1
2
0
1
0
3
1
2
3
1
2
3
3
0
0
1
1
1
2
2
1
0
1
4
0
2
2
2
1
2
3
2
2
2
2
2
4
1
1
6
4
7
4
0
1
3
5
2
6
12
6
9
5
11
10
12
7
10
15
7
0
0
0
0
0
0
0
0
0
0
0
0
0
0
0
0
