SpectrumID=SampleSpec
Time=13-04-2022 04:39:40 PM
DeadTime(%)=2.6
LiveTime=600
RealTime=616
Channels=0 1023
0
0
0
0
0
0
0
0
0
0
0
0
0
0
0
0
0
0
0
0
0
0
0
0
0
0
0
0
0
0
0
0
0
0
0
0
0
0
0
0
0
0
0
6
5
13
35
73
88
177
301
510
686
1179
1763
2700
3792
4689
5601
6442
7182
7388
7564
7832
7882
7993
7818
8076
8045
8241
8143
8268
8162
8258
8468
8415
8461
8187
8476
8492
8656
8566
8687
8711
8965
8909
8873
8877
9141
9242
9330
9414
9751
9778
9952
9909
9964
10005
9966
9903
9894
9809
9717
9527
9433
9234
9119
8859
8881
8723
8434
8334
8204
8062
7932
7830
7752
7687
7614
7414
7441
7230
7149
7117
7189
6881
6880
6832
6532
6649
6489
6430
6334
6415
6244
6219
6192
6062
6015
5830
5997
5896
5922
5781
5538
5757
5496
5602
5552
5433
5357
5441
5341
5269
5378
5223
5203
5155
5017
4882
4996
4963
4797
4785
4727
4590
4524
4329
4243
4250
4142
4086
3911
3823
3774
3655
3603
3309
3257
3319
3152
3072
2998
2991
2831
2875
2808
2736
2676
2625
2529
2502
2386
2475
2277
2335
2316
2236
2315
2300
2203
2197
2161
2156
2280
2226
2130
2115
2098
2075
2175
2243
2205
2202
2231
2277
2400
2439
2566
2559
2617
2737
2771
2909
3069
3244
3376
3503
3841
4012
4216
4589
4943
5314
5714
6097
6746
7334
7863
8275
9020
9804
10308
11160
11754
12640
13380
14166
14941
15393
15904
16723
17190
17442
17668
17861
17685
17567
17346
16882
16511
16048
15209
14574
13649
12444
11835
10964
10065
9139
8393
7472
6704
6115
5373
4978
4341
3913
3433
3112
2872
2435
2380
2100
1923
1838
1648
1493
1407
1321
1300
1212
1213
1112
1125
1109
1008
999
915
938
959
951
928
890
897
902
842
850
864
867
864
851
779
800
837
788
808
793
797
822
767
784
801
877
868
830
817
780
784
829
809
806
858
834
857
758
778
830
793
816
827
795
811
780
817
784
792
814
779
804
798
815
848
775
793
796
826
802
786
783
773
749
788
784
773
746
768
731
748
757
841
742
771
779
754
789
780
753
782
758
765
768
814
791
778
783
765
754
782
772
765
802
782
761
831
705
779
752
752
746
775
777
745
744
768
742
724
766
775
774
725
756
728
772
752
741
761
772
779
760
792
772
786
758
809
775
778
803
830
723
805
794
780
780
764
779
813
767
810
825
763
790
792
748
771
765
844
796
803
811
713
820
804
802
751
762
765
812
782
813
776
784
734
804
777
775
845
755
819
752
809
766
837
804
800
768
791
770
834
735
749
772
730
791
831
764
762
749
781
780
721
750
759
740
725
726
767
721
745
719
726
774
747
717
702
718
697
650
682
656
671
651
621
627
647
564
646
589
574
590
539
577
596
535
552
510
455
479
466
467
436
433
426
418
403
388
414
396
362
405
372
373
348
361
362
338
338
310
314
296
295
315
300
324
302
301
298
319
336
297
353
255
287
323
297
322
312
326
331
349
345
355
380
412
412
405
409
412
432
434
478
463
508
540
537
572
585
669
654
679
699
764
769
754
830
861
915
927
984
1019
1030
1086
1073
1219
1261
1249
1396
1366
1428
1486
1467
1549
1594
1650
1638
1738
1752
1807
1841
1821
1962
2013
1893
1952
1934
1965
2012
1831
2006
1899
1916
1822
1981
1894
1789
1729
1767
1583
1650
1508
1528
1445
1452
1360
1289
1250
1206
1089
1090
1048
978
919
901
820
806
753
733
654
601
613
567
505
488
454
451
407
414
360
349
302
316
337
280
291
249
237
218
197
203
210
178
193
188
147
184
151
154
161
157
156
118
129
149
131
103
128
140
123
122
154
132
103
110
112
109
109
92
104
116
103
111
90
97
114
90
81
99
98
96
78
87
99
90
92
79
95
80
85
78
73
82
73
87
65
80
64
78
78
77
79
62
66
64
65
60
52
60
63
67
71
54
55
67
48
64
65
51
55
53
53
67
42
35
51
50
46
52
46
39
45
35
45
43
47
55
48
49
34
46
57
52
35
43
32
29
32
32
39
34
39
31
41
46
40
42
35
37
37
34
35
35
26
26
41
26
31
39
33
32
24
32
33
29
37
37
21
20
27
21
16
31
21
29
35
24
21
24
23
26
39
19
22
25
22
17
15
28
25
37
26
23
23
35
28
38
22
20
30
27
22
36
22
22
30
31
38
30
32
30
30
38
34
27
25
32
34
36
43
37
34
49
25
35
46
40
35
39
37
38
45
53
41
42
52
42
39
41
39
53
43
47
41
49
32
40
30
38
29
31
43
33
49
35
30
30
49
39
30
35
32
26
26
30
20
19
19
24
23
25
15
19
23
21
15
15
12
16
16
16
8
13
15
13
15
8
8
9
10
8
10
8
12
10
12
9
7
5
6
7
6
8
9
4
7
8
6
7
8
7
4
7
4
6
13
6
10
8
12
9
7
4
7
10
13
6
8
6
8
10
5
12
11
8
16
9
10
6
13
16
17
16
22
16
14
24
20
28
17
23
16
18
21
23
23
21
24
25
26
0
0
0
0
0
0
0
0
0
0
0
0
0
0
0
0
