SpectrumID=SampleSpec
Time=13-04-2022 03:09:21 PM
DeadTime(%)=1.96
LiveTime=300
RealTime=306
Channels=0 1023
0
0
0
0
0
0
0
0
0
0
0
0
0
0
0
0
0
0
0
0
0
0
0
0
0
0
0
0
0
0
0
0
0
0
0
0
0
0
0
0
0
0
0
0
1
0
6
8
15
45
76
138
197
364
627
1011
1466
1805
2169
2535
2682
2935
3002
3010
3083
3099
3081
3087
3071
3243
3181
3287
3203
3148
3351
3192
3138
3300
3222
3367
3306
3234
3116
3345
3257
3443
3408
3310
3246
3251
3326
3414
3432
3291
3353
3468
3582
3641
3666
3810
3768
3821
3958
3936
3966
3898
3979
3941
3936
3885
3777
3660
3665
3643
3585
3502
3447
3356
3242
3126
3165
3100
3002
2964
2899
2791
2840
2715
2819
2671
2648
2553
2493
2497
2467
2453
2345
2366
2360
2410
2373
2256
2178
2259
2246
2221
2165
2205
2187
2168
2177
2147
2204
2098
2049
2145
2046
2078
2111
2094
2088
2089
1998
2037
2003
2014
1933
2007
1964
2006
1948
1982
1934
1849
1825
1884
1815
1808
1948
1860
1789
1843
1914
1811
1818
1766
1815
1876
1752
1726
1761
1819
1724
1764
1813
1802
1675
1759
1800
1720
1719
1790
1678
1604
1581
1641
1593
1671
1603
1652
1662
1599
1686
1653
1655
1581
1591
1594
1515
1600
1635
1585
1538
1665
1510
1547
1473
1456
1482
1431
1399
1341
1398
1339
1237
1318
1221
1237
1172
1183
1158
1067
1069
1035
967
972
873
888
838
830
759
772
730
738
708
708
679
631
602
589
581
565
556
547
484
533
499
458
473
426
428
403
441
394
397
393
373
420
434
429
408
374
409
436
385
420
444
456
440
485
486
527
560
562
552
596
640
679
755
794
900
1007
1031
1114
1199
1261
1419
1541
1665
1690
1929
2035
2213
2348
2697
2877
2970
3203
3470
3657
3983
4280
4492
4825
4967
5191
5393
5653
5980
6007
6099
6415
6402
6561
6590
6479
6394
6245
6270
6066
5983
5762
5520
5356
5054
4616
4334
4100
3821
3424
3151
2876
2724
2431
2253
2011
1804
1635
1432
1281
1165
1039
925
898
782
690
543
544
492
455
377
374
326
286
234
244
233
224
197
176
153
157
128
125
114
103
107
111
124
98
70
70
68
68
50
60
64
72
59
56
63
59
59
52
47
49
49
53
51
47
46
52
59
57
48
38
46
54
52
32
50
44
37
44
40
49
30
43
35
28
45
43
41
38
47
47
49
39
41
47
41
47
42
35
46
40
36
38
44
43
41
47
38
40
45
30
37
40
32
49
34
44
35
34
42
31
41
37
36
31
32
39
31
37
37
30
38
37
33
39
25
32
33
31
35
25
35
27
20
34
32
21
26
30
23
26
30
30
31
29
27
39
29
19
20
36
34
29
18
27
30
17
23
21
25
15
14
15
21
31
24
27
24
17
17
24
22
22
23
19
21
24
16
22
26
17
31
25
25
15
28
20
12
16
15
16
23
20
19
25
19
23
23
20
11
17
24
24
15
23
18
15
18
19
16
18
23
11
16
12
25
16
13
18
16
19
24
19
11
22
21
20
13
18
23
13
18
23
14
9
15
16
17
23
14
10
18
15
10
13
12
24
8
14
10
17
17
19
16
17
20
22
16
17
13
11
10
17
11
17
15
19
15
13
21
22
13
12
21
14
16
14
14
24
14
17
21
18
14
15
15
20
23
13
13
9
15
11
12
13
12
14
17
10
15
9
14
25
16
21
17
13
12
17
18
9
13
15
10
11
25
5
15
10
14
22
13
14
13
10
10
15
10
8
15
8
12
15
14
11
14
10
12
8
9
12
10
13
10
8
13
11
17
7
11
8
18
17
12
17
16
14
18
15
14
16
15
14
14
9
16
6
13
14
8
13
12
18
13
19
8
16
14
9
15
11
11
9
12
14
6
6
12
7
6
8
10
7
10
5
8
7
7
11
4
4
8
6
4
9
4
3
4
3
8
7
5
7
3
5
5
2
6
2
3
4
6
2
1
5
2
3
2
6
2
3
2
3
5
2
1
2
2
5
7
3
2
5
1
6
2
0
3
1
0
0
2
6
11
2
5
5
4
1
0
4
2
4
1
2
1
6
0
1
3
2
8
1
1
3
1
3
1
0
1
3
1
1
3
2
6
3
4
1
5
0
3
1
3
3
1
2
5
1
1
3
3
0
2
1
1
1
1
0
3
2
4
2
0
2
1
0
2
2
0
1
5
2
1
2
6
3
2
4
3
0
2
2
3
0
2
3
1
3
1
1
1
1
1
4
0
2
2
1
2
0
3
0
1
2
1
1
1
3
1
5
0
0
2
1
2
1
1
2
2
0
0
3
1
2
2
2
3
0
1
1
2
2
2
3
2
3
3
2
2
2
1
1
0
1
1
3
1
3
1
1
0
3
0
1
1
1
1
0
2
3
1
2
0
0
5
1
3
4
4
1
1
4
3
0
1
1
1
4
1
2
4
1
5
3
1
3
6
2
1
7
6
11
2
4
7
9
10
6
12
8
3
6
0
0
0
0
0
0
0
0
0
0
0
0
0
0
0
0
